# HM-style quantisation scaling lists for x265 --scaling-list, for the h05 vector.
#
# Deliberately NOT the HEVC default matrices. The defaults (Table 7-5/7-6) are
# flat 16 at 4x4 and only become non-flat at 8x8 and above, and every default DC
# coefficient is 16 -- so a decoder that drops the 4x4 lists or the DC
# coefficients still produces the right pixels for a stream that uses them.
# These lists are non-flat at every size and carry DC values that differ from
# their matrix's first coefficient, so any part of the scaling matrix going
# unpassed changes the decoded output.
#
# ORDER IS LOAD-BEARING. x265's parser (scalinglist.cpp) reads the file
# SEQUENTIALLY -- unlike HM's, it never rewinds -- so every matrix must appear
# in the order it reads them, and each 16x16/32x32 DC value must immediately
# follow its own matrix. A file that is merely complete but out of order fails
# with "can't read matrix from <file>", which is also what it says for a
# malformed one.

INTRA4X4_LUMA
17 18 19 20
21 22 23 24
25 26 27 28
29 30 31 32

INTRA4X4_CHROMAU
18 19 20 21
22 23 24 25
26 27 28 29
30 31 32 33

INTRA4X4_CHROMAV
19 20 21 22
23 24 25 26
27 28 29 30
31 32 33 34

INTER4X4_LUMA
20 21 22 23
24 25 26 27
28 29 30 31
32 33 34 35

INTER4X4_CHROMAU
21 22 23 24
25 26 27 28
29 30 31 32
33 34 35 36

INTER4X4_CHROMAV
22 23 24 25
26 27 28 29
30 31 32 33
34 35 36 37

INTRA8X8_LUMA
16 17 18 19 20 21 22 23
24 25 26 27 28 29 30 31
32 33 34 35 36 37 38 39
40 41 42 43 44 45 46 47
48 49 50 51 52 53 54 55
56 57 58 59 60 61 62 63
64 65 66 67 68 69 70 71
72 73 74 75 76 77 78 79

INTRA8X8_CHROMAU
17 18 19 20 21 22 23 24
25 26 27 28 29 30 31 32
33 34 35 36 37 38 39 40
41 42 43 44 45 46 47 48
49 50 51 52 53 54 55 56
57 58 59 60 61 62 63 64
65 66 67 68 69 70 71 72
73 74 75 76 77 78 79 80

INTRA8X8_CHROMAV
18 19 20 21 22 23 24 25
26 27 28 29 30 31 32 33
34 35 36 37 38 39 40 41
42 43 44 45 46 47 48 49
50 51 52 53 54 55 56 57
58 59 60 61 62 63 64 65
66 67 68 69 70 71 72 73
74 75 76 77 78 79 80 81

INTER8X8_LUMA
19 20 21 22 23 24 25 26
27 28 29 30 31 32 33 34
35 36 37 38 39 40 41 42
43 44 45 46 47 48 49 50
51 52 53 54 55 56 57 58
59 60 61 62 63 64 65 66
67 68 69 70 71 72 73 74
75 76 77 78 79 80 81 82

INTER8X8_CHROMAU
20 21 22 23 24 25 26 27
28 29 30 31 32 33 34 35
36 37 38 39 40 41 42 43
44 45 46 47 48 49 50 51
52 53 54 55 56 57 58 59
60 61 62 63 64 65 66 67
68 69 70 71 72 73 74 75
76 77 78 79 80 81 82 83

INTER8X8_CHROMAV
21 22 23 24 25 26 27 28
29 30 31 32 33 34 35 36
37 38 39 40 41 42 43 44
45 46 47 48 49 50 51 52
53 54 55 56 57 58 59 60
61 62 63 64 65 66 67 68
69 70 71 72 73 74 75 76
77 78 79 80 81 82 83 84

INTRA16X16_LUMA
16 17 18 19 20 21 22 23
24 25 26 27 28 29 30 31
32 33 34 35 36 37 38 39
40 41 42 43 44 45 46 47
48 49 50 51 52 53 54 55
56 57 58 59 60 61 62 63
64 65 66 67 68 69 70 71
72 73 74 75 76 77 78 79

INTRA16X16_LUMA_DC
26

INTRA16X16_CHROMAU
17 18 19 20 21 22 23 24
25 26 27 28 29 30 31 32
33 34 35 36 37 38 39 40
41 42 43 44 45 46 47 48
49 50 51 52 53 54 55 56
57 58 59 60 61 62 63 64
65 66 67 68 69 70 71 72
73 74 75 76 77 78 79 80

INTRA16X16_CHROMAU_DC
27

INTRA16X16_CHROMAV
18 19 20 21 22 23 24 25
26 27 28 29 30 31 32 33
34 35 36 37 38 39 40 41
42 43 44 45 46 47 48 49
50 51 52 53 54 55 56 57
58 59 60 61 62 63 64 65
66 67 68 69 70 71 72 73
74 75 76 77 78 79 80 81

INTRA16X16_CHROMAV_DC
28

INTER16X16_LUMA
19 20 21 22 23 24 25 26
27 28 29 30 31 32 33 34
35 36 37 38 39 40 41 42
43 44 45 46 47 48 49 50
51 52 53 54 55 56 57 58
59 60 61 62 63 64 65 66
67 68 69 70 71 72 73 74
75 76 77 78 79 80 81 82

INTER16X16_LUMA_DC
29

INTER16X16_CHROMAU
20 21 22 23 24 25 26 27
28 29 30 31 32 33 34 35
36 37 38 39 40 41 42 43
44 45 46 47 48 49 50 51
52 53 54 55 56 57 58 59
60 61 62 63 64 65 66 67
68 69 70 71 72 73 74 75
76 77 78 79 80 81 82 83

INTER16X16_CHROMAU_DC
30

INTER16X16_CHROMAV
21 22 23 24 25 26 27 28
29 30 31 32 33 34 35 36
37 38 39 40 41 42 43 44
45 46 47 48 49 50 51 52
53 54 55 56 57 58 59 60
61 62 63 64 65 66 67 68
69 70 71 72 73 74 75 76
77 78 79 80 81 82 83 84

INTER16X16_CHROMAV_DC
31

INTRA32X32_LUMA
16 17 18 19 20 21 22 23
24 25 26 27 28 29 30 31
32 33 34 35 36 37 38 39
40 41 42 43 44 45 46 47
48 49 50 51 52 53 54 55
56 57 58 59 60 61 62 63
64 65 66 67 68 69 70 71
72 73 74 75 76 77 78 79

INTRA32X32_LUMA_DC
24

INTER32X32_LUMA
19 20 21 22 23 24 25 26
27 28 29 30 31 32 33 34
35 36 37 38 39 40 41 42
43 44 45 46 47 48 49 50
51 52 53 54 55 56 57 58
59 60 61 62 63 64 65 66
67 68 69 70 71 72 73 74
75 76 77 78 79 80 81 82

INTER32X32_LUMA_DC
25
