# IMG_0823.MOV, whole-frame mean luminance, 5 fps
# anchors: collapse onset 22.8 s, restore 32.4 s -> 3 steps of 3.2 s between
# derived step starts: 0=13.4 1=16.4 2=19.6 3=22.8 4=26.0 5=29.2 restore=32.4
0.0 68.41
0.2 68.07
0.4 68.31
0.6 68.53
0.8 68.77
1.0 68.63
1.2 68.56
1.4 68.50
1.6 68.44
1.8 68.38
2.0 68.18
2.2 68.08
2.4 67.98
2.6 68.00
2.8 67.99
3.0 67.96
3.2 67.93
3.4 67.84
3.6 67.85
3.8 67.76
4.0 67.65
4.2 67.73
4.4 67.73
4.6 67.81
4.8 67.81
5.0 67.86
5.2 68.18
5.4 59.19
5.6 60.45
5.8 62.07
6.0 63.37
6.2 64.31
6.4 65.37
6.6 66.38
6.8 66.70
7.0 67.06
7.2 68.28
7.4 68.72
7.6 67.97
7.8 65.30
8.0 59.50
8.2 53.72
8.4 48.84
8.6 43.99
8.8 41.49
9.0 39.59
9.2 37.85
9.4 36.35
9.6 34.95
9.8 33.74
10.0 32.78
10.2 32.44
10.4 32.65
10.6 32.53
10.8 32.53
11.0 32.31
11.2 32.23
11.4 32.02
11.6 32.03
11.8 32.11
12.0 32.26
12.2 32.14
12.4 32.40
12.6 32.25
12.8 32.11
13.0 32.06
13.2 32.09
13.4 32.01
13.6 31.50
13.8 31.02
14.0 30.37
14.2 30.10
14.4 30.15
14.6 30.04
14.8 29.87
15.0 29.64
15.2 29.64
15.4 29.93
15.6 30.04
15.8 30.11
16.0 30.57
16.2 30.80
16.4 31.18
16.6 31.09
16.8 31.22
17.0 31.27
17.2 31.66
17.4 32.24
17.6 32.87
17.8 33.14
18.0 33.30
18.2 32.96
18.4 32.92
18.6 32.81
18.8 32.43
19.0 32.57
19.2 33.17
19.4 33.96
19.6 34.65
19.8 35.22
20.0 35.79
20.2 36.12
20.4 36.71
20.6 37.17
20.8 37.58
21.0 37.69
21.2 37.58
21.4 37.24
21.6 36.93
21.8 36.87
22.0 32.15
22.2 33.29
22.4 36.30
22.6 42.15
22.8 47.47
23.0 52.93
23.2 56.45
23.4 59.39
23.6 61.68
23.8 63.11
24.0 64.16
24.2 64.96
24.4 65.72
24.6 66.23
24.8 66.62
25.0 66.94
25.2 66.34
25.4 66.37
25.6 66.43
25.8 66.46
26.0 66.58
26.2 66.58
26.4 66.59
26.6 66.59
26.8 66.59
27.0 66.56
27.2 66.57
27.4 66.55
27.6 66.59
27.8 66.59
28.0 66.61
28.2 66.48
28.4 66.30
28.6 70.62
28.8 70.40
29.0 70.02
29.2 69.50
29.4 69.01
29.6 68.46
29.8 68.02
30.0 67.77
30.2 67.62
30.4 67.59
30.6 67.59
30.8 67.62
31.0 67.59
31.2 67.64
31.4 67.64
31.6 67.44
31.8 67.37
32.0 65.92
32.2 62.84
32.4 57.44
32.6 51.73
32.8 46.64
33.0 42.08
33.2 40.05
33.4 37.14
33.6 34.60
33.8 31.97
34.0 30.60
34.2 29.94
34.4 30.22
34.6 32.21
34.8 36.82
35.0 43.66
35.2 48.49
35.4 52.49
