h713_disp dump
tvtop @0x05700000:
  +0x00: fff11111 00000001 00000000 00000000 00000000 00000000 00000000 00000000
  +0x20: 00000000 00000000 00000000 00000000 00000000 00000000 00000000 00000000
lvds-lane @0x05800000:
  +0x00: 01e0a404 00000000 00000000 00000000 03020100 00000504 08080808 00000808
  +0x20: 00000000 00000000 08080808 00000808
lvds @0x05880000:
  +0x00: 02e30165 00000010 00000280 00e40202 00000000 00000000 00000000 00000004
  +0x20: 02f80550 02d00500 00140028 80000014 80010003 01ad0000 00080008 00000000
disp-pll @0x058c0000:
  +0x00: 00000000 00000000 00000000 00000000 40000000 b8002300 c950311e 00000000
  +0x20: 6f0f007f 2f000007 00030000 00070010
lvds-phy @0x051c0000:
  +0x00: 707f0000 00050005 01000000 00000003 00000045 18000005 00000000 00000000
mixer @0x0525c000:
  +0x00: 02f80550 00001402 00000000 02000000 00088008 8fff0008 00200020 0500003c
  +0x20: 02d00016 29000000 000000ff 00000010 02d00016 0500003c 00000040 00000000
display-route @0x05140050:
  +0x00: 00000000 40000080 00000002 00000000
lvds-phy-mid @0x051c0020:
  +0x00: 00301f30 00300000 1f300030 00300030 00000030 00000000 02000000 05000000
  +0x20: 02d00000 00000000 00000200 00000000 00000038 00000000 00000000 00000000
  +0x40: 00000000 00000000 00000000 29000000 000000ff 00000000 00000200 00000300
  +0x60: 04000000 04000400 00000000 00000000 00000000 00000000 04000000 04000400
  +0x80: 80000000 05000000 02d00000 00000000
vblender @0x05200000:
  +0x00: 00000000 40210000 00000000 05000031 02d00016 0020802d 00210022 00000000
  +0x20: 05000031 02d00016 00000000 00000000 00000000 00000000 00000000 00000000
  +0x40: 00000000 00000000 00000000 00000000 00000000 00000000 00000000 00000000
  +0x60: 00000000 00000000 00000000 00000000 00000000 00000000 00000000 00000000
osd-ch0 @0x05248000:
  +0x00: 00000000 00000000 00000000 00000000 00000000 00000000 00000000 00000000
  +0x20: 00000000 00000000 00000000 00000000 00000000 00000000 00000000 00000000
  +0x40: 00000000 00000000 00000000 00000000 00000000 00000000 00000000 00000000
  +0x60: 00000000 00000000 00000000 00000000 00000000 00000000 00000000 00000000
de-top @0x05240000:
  +0x00: ffff0040 00000000 00000000 00000000 00000000 00000000 00000000 00000300
de-layers @0x05280000:
  +0x00: 00000000 00000000 00000000 00000000 00000000 00000000 00000000 00000000
  +0x20: 00000000 00000000 00000000 00000000 00000000 00000000 00000000 00000000
  +0x40: 00000000 00000000 00000000 00000000 00000000 00000000 00000000 00000000
  +0x60: 00000000 00000000 00000000 00000000 00000000 00000000 00000000 00000000
  +0x80: 02d00500 02d00500 00000016 00000000 00000000 00000000 00000000 00000000
de2-ch0 @0x05288000:
  +0x00: 00000000 00000000 00000000 00000000 00000000 00000000 00000000 00000000
  +0x20: 00000000 00000000 00000000 00000000 00000000 00000000 00000000 00000000
de2-ch1 @0x0529c000:
  +0x00: 00000000 00000000 00000000 00000000 00000000 00000000 00000000 00000000
  +0x20: 00000000 00000000 00000000 00000000 00000000 00000000 00000000 00000000
lvds-phy2 @0x051c00b0:
  +0x00: 00000200 00000000 00000038 05000030 02d00016 c0000000 00000800 08000800
  +0x20: 00000000 00000000 00000000 08000800 08000000 00000000 00f00000 14141400
de @0x0524c000:
  +0x00: 00fc0202 05000016 27000000 05000500 02f80550 00000200 63000000 79860601
  +0x20: 00000000 00000000 00000000 00000000 00000000 00000000 00000000 00000000
  +0x40: 00000000 00000000 00000000 40004000 0000ff00 00000000 01000100 00000100
  +0x60: 00000000 00000000 03808080 00000000 00000000 00000000 00000000 03000140
afbd @0x05600140:
  +0x00: 03001901 00000000 008000ff 00000080 02cf04ff 002c004f 00000000 00000000
  +0x20: 02d00500 00000808 00000002 00000021 00001400 02d01400 6c100000 00000000
afbd-top @0x05600000:
  +0x00: 80000020 00000000 00000000 00000000
afbd-global @0x05600040:
  +0x00: 00000780 00000780 02d00500 01680500 00000000 00000000 00000000 00000000
  +0x20: 00000001 00000000 00000122 00000000 00000000 00000000 00000000 00000000
afbd-mux @0x05600300:
  +0x00: 00800210 00800000 00800210 00804258 00800210 00000000 00000000 00000000
  +0x20: 4c7ed000 4cdea000 00000000 00000000 00000000 00000000 00000000 10101010
pll-video2 @0x02001050:
  +0x00: b9002a00 00000000 08002301 00000000
disp-modclk @0x02001db0:
  +0x00: 80000001 80000001 c4000005 00000000 80000005 00000000 00000000 00000000
=> 
